unres 0 0 0 0 25 0 147 300000
unres 0 0 0 0 21 0 195 300000
unres 0 0 0 0 30 0 145 300000
unres 0 0 0 0 38 0 194 300000
unres 0 0 0 0 18 0 168 300000
escape 0 0 0 0 391 0 427 39106
escape 0 0 0 0 38 0 146 194672
unres 0 0 0 0 18 0 168 300000
unres 0 0 0 0 30 0 145 300000
unres 0 0 0 0 24 0 146 300000
unres 0 0 0 0 38 0 194 300000
unres 0 0 0 0 20 0 196 300000
unres 0 0 0 0 25 0 147 300000
unres 0 0 0 0 18 0 168 300000
unres 0 0 0 0 21 0 195 300000
escape 0 0 0 0 390 0 426 39106
unres 0 0 0 0 30 0 145 300000
unres 0 0 0 0 38 0 194 300000
escape 0 0 0 0 37 0 147 194672
escape 0 0 0 0 397 0 424 55232
escape 0 0 0 0 397 0 424 55232
unres 0 0 0 0 30 0 145 300000
unres 0 0 0 0 38 0 194 300000
unres 0 0 0 0 18 0 168 300000
unres 0 0 0 0 19 0 169 300000
escape 0 0 0 0 199 0 241 61435
unres 0 0 0 0 18 0 168 300000
unres 0 0 0 0 30 0 145 300000
unres 0 0 0 0 24 0 146 300000
unres 0 0 0 0 38 0 194 300000
unres 0 0 0 0 20 0 196 300000
unres 0 0 0 0 19 0 169 300000
unres 0 0 0 0 18 0 168 300000
unres 0 0 0 0 39 0 195 300000
escape 0 0 0 0 38 0 149 194672
unres 0 0 0 0 30 0 145 300000
unres 0 0 0 0 38 0 194 300000
escape 0 0 0 0 390 0 426 39106
escape 0 0 0 0 37 0 147 194672
escape 0 0 0 0 397 0 424 55232
escape 0 0 0 0 397 0 424 55232
escape 0 0 0 0 48 0 94 153309
unres 0 0 0 0 199 0 242 300000
unres 0 0 0 0 35 0 169 300000
unres 0 0 0 0 30 0 145 300000
unres 0 0 0 0 38 0 194 300000
unres 0 0 0 0 18 0 168 300000
unres 0 0 0 0 19 0 169 300000
unres 0 0 0 0 20 0 196 300000
unres 0 0 0 0 18 0 168 300000
unres 0 0 0 0 19 0 169 300000
unres 0 0 0 0 20 0 196 300000
unres 0 0 0 0 30 0 145 300000
unres 0 0 0 0 38 0 194 300000
unres 0 0 0 0 39 0 195 300000
escape 0 0 0 0 460 0 496 92172
unres 0 0 0 0 20 0 196 300000
unres 0 0 0 0 30 0 145 300000
unres 0 0 0 0 38 0 194 300000
unres 0 0 0 0 18 0 168 300000
unres 0 0 0 0 20 0 196 300000
unres 0 0 0 0 30 0 145 300000
unres 0 0 0 0 31 0 146 300000
unres 0 0 0 0 18 0 168 300000
unres 0 0 0 0 38 0 194 300000
unres 0 0 0 0 39 0 195 300000
escape 0 0 0 0 19 0 186 61472
escape 0 0 0 0 47 0 84 58360
unres 0 0 0 0 30 0 145 300000
unres 0 0 0 0 38 0 194 300000
escape 0 0 0 0 47 0 84 58360
escape 0 0 0 0 48 0 85 58360
unres 0 0 0 0 30 0 145 300000
unres 0 0 0 0 38 0 194 300000
unres 0 0 0 0 18 0 168 300000
escape 0 0 0 0 48 0 85 58360
unres 0 0 0 0 18 0 168 300000
unres 0 0 0 0 18 0 168 300000
escape 0 0 0 0 47 0 84 58360
escape 0 0 0 0 47 0 84 58360
escape 0 0 0 0 17 0 115 59392
escape 0 0 0 0 397 0 424 55232
escape 0 0 0 0 19 0 186 61472
unres 0 0 0 0 30 0 145 300000
unres 0 0 0 0 38 0 194 300000
escape 0 0 0 0 66 0 132 32720
escape 0 0 0 0 117 0 133 32711
escape 0 0 0 0 17 0 115 59392
escape 0 0 0 0 18 0 116 59392
escape 0 0 0 0 397 0 424 55232
escape 0 0 0 0 66 0 132 32720
unres 0 0 0 0 20 0 196 300000
unres 0 0 0 0 29 0 191 300000
unres 0 0 0 0 30 0 145 300000
unres 0 0 0 0 24 0 146 300000
unres 0 0 0 0 38 0 194 300000
unres 0 0 0 0 20 0 196 300000
unres 0 0 0 0 39 0 195 300000
escape 0 0 0 0 66 0 132 32720
escape 0 0 0 0 67 0 131 32720
unres 0 0 0 0 243 0 293 300000
escape 0 0 0 0 19 0 186 61472
unres 0 0 0 0 26 0 193 300000
escape 0 0 0 0 17 0 115 59392
escape 0 0 0 0 19 0 186 61472
escape 0 0 0 0 17 0 115 59392
escape 0 0 0 0 47 0 84 58360
escape 0 0 0 0 47 0 84 58360
escape 0 0 0 0 48 0 85 58360
escape 0 0 0 0 48 0 85 58360
unres 0 0 0 0 18 0 168 300000
unres 0 0 0 0 39 0 195 300000
escape 0 0 0 0 19 0 186 61472
escape 0 0 0 0 19 0 186 61472
escape 0 0 0 0 19 0 186 61472
escape 0 0 0 0 19 0 186 61472
escape 0 0 0 0 117 0 133 32711
escape 0 0 0 0 66 0 132 32719
unres 0 0 0 0 26 0 193 300000
escape 0 0 0 0 18 0 116 59392
escape 0 0 0 0 19 0 186 61472
escape 0 0 0 0 66 0 132 32720
escape 0 0 0 0 66 0 132 32719
unres 0 0 0 0 31 0 146 300000
unres 0 0 0 0 18 0 168 300000
unres 0 0 0 0 20 0 196 300000
unres 0 0 0 0 30 0 145 300000
unres 0 0 0 0 25 0 145 300000
unres 0 0 0 0 38 0 194 300000
escape 0 0 0 0 47 0 84 58360
unres 0 0 0 0 30 0 145 300000
unres 0 0 0 0 18 0 168 300000
unres 0 0 0 0 38 0 194 300000
escape 0 0 0 0 47 0 84 58360
escape 0 0 0 0 48 0 85 58360
escape 0 0 0 0 110 0 153 44842
escape 0 0 0 0 397 0 424 55232
escape 0 0 0 0 17 0 115 59392
unres 0 0 0 0 30 0 145 300000
unres 0 0 0 0 38 0 194 300000
escape 0 0 0 0 397 0 424 55232
escape 0 0 0 0 66 0 132 32720
escape 0 0 0 0 17 0 115 59392
escape 0 0 0 0 18 0 116 59392
unres 0 0 0 0 20 0 196 300000
unres 0 0 0 0 30 0 145 300000
unres 0 0 0 0 24 0 146 300000
unres 0 0 0 0 31 0 146 300000
unres 0 0 0 0 38 0 194 300000
unres 0 0 0 0 20 0 196 300000
unres 0 0 0 0 39 0 195 300000
unres 0 0 0 0 24 0 260 300000
escape 0 0 0 0 66 0 132 32720
escape 0 0 0 0 117 0 133 32711
escape 0 0 0 0 60 0 128 32718
escape 0 0 0 0 66 0 132 32720
escape 0 0 0 0 67 0 131 32718
unres 0 0 0 0 18 0 168 300000
escape 0 0 0 0 17 0 115 59392
escape 0 0 0 0 17 0 115 59392
escape 0 0 0 0 18 0 116 59392
escape 0 0 0 0 47 0 84 58360
escape 0 0 0 0 48 0 85 58360
escape 0 0 0 0 47 0 84 58360
escape 0 0 0 0 48 0 85 58360
unres 0 0 0 0 19 0 169 300000
escape 0 0 0 0 66 0 132 32720
unres 0 0 0 0 18 0 168 300000
unres 0 0 0 0 20 0 196 300000
unres 0 0 0 0 30 0 145 300000
unres 0 0 0 0 38 0 194 300000
escape 0 0 0 0 390 0 426 39106
escape 0 0 0 0 47 0 84 58360
unres 0 0 0 0 30 0 145 300000
unres 0 0 0 0 38 0 194 300000
escape 0 0 0 0 390 0 426 39106
escape 0 0 0 0 47 0 84 58360
unres 0 0 0 0 11 0 118 300000
unres 0 0 0 0 15 0 176 300000
unres 0 0 0 0 15 0 175 300000
unres 0 0 0 0 19 0 233 300000
unres 0 0 0 0 11 0 118 300000
unres 0 0 0 0 15 0 176 300000
unres 0 0 0 0 15 0 175 300000
unres 0 0 0 0 19 0 233 300000
unres 0 0 0 0 11 0 118 300000
unres 0 0 0 0 15 0 176 300000
unres 0 0 0 0 15 0 175 300000
unres 0 0 0 0 19 0 233 300000
unres 0 0 0 0 85 0 113 300000
escape 0 0 0 0 113 0 237 61436
escape 0 0 0 0 37 0 147 194672
unres 0 0 0 0 11 0 118 300000
unres 0 0 0 0 15 0 176 300000
unres 0 0 0 0 15 0 175 300000
unres 0 0 0 0 19 0 233 300000
unres 0 0 0 0 11 0 118 300000
unres 0 0 0 0 15 0 176 300000
unres 0 0 0 0 15 0 175 300000
unres 0 0 0 0 19 0 233 300000
unres 0 0 0 0 11 0 118 300000
unres 0 0 0 0 15 0 176 300000
unres 0 0 0 0 15 0 175 300000
unres 0 0 0 0 19 0 233 300000
escape 0 0 0 0 37 0 147 194672
unres 0 0 0 0 11 0 118 300000
unres 0 0 0 0 15 0 176 300000
unres 0 0 0 0 15 0 175 300000
unres 0 0 0 0 19 0 233 300000
unres 0 0 0 0 11 0 118 300000
unres 0 0 0 0 15 0 176 300000
unres 0 0 0 0 15 0 175 300000
unres 0 0 0 0 19 0 233 300000
unres 0 0 0 0 11 0 118 300000
unres 0 0 0 0 15 0 176 300000
unres 0 0 0 0 15 0 175 300000
unres 0 0 0 0 19 0 233 300000
unres 0 0 0 0 11 0 118 300000
unres 0 0 0 0 15 0 175 300000
unres 0 0 0 0 15 0 176 300000
unres 0 0 0 0 19 0 233 300000
unres 0 0 0 0 11 0 118 300000
unres 0 0 0 0 15 0 175 300000
unres 0 0 0 0 15 0 176 300000
unres 0 0 0 0 19 0 233 300000
unres 0 0 0 0 11 0 118 300000
unres 0 0 0 0 15 0 175 300000
unres 0 0 0 0 15 0 176 300000
unres 0 0 0 0 19 0 233 300000
unres 0 0 0 0 25 0 145 300000
unres 0 0 0 0 18 0 168 300000
unres 0 0 0 0 31 0 146 300000
unres 0 0 0 0 39 0 195 300000
escape 0 0 0 0 391 0 427 39106
escape 0 0 0 0 48 0 85 58360
escape 0 0 0 0 38 0 148 194672
unres 0 0 0 0 11 0 118 300000
unres 0 0 0 0 15 0 175 300000
unres 0 0 0 0 15 0 176 300000
unres 0 0 0 0 19 0 233 300000
unres 0 0 0 0 11 0 118 300000
unres 0 0 0 0 15 0 175 300000
unres 0 0 0 0 15 0 176 300000
unres 0 0 0 0 19 0 233 300000
unres 0 0 0 0 11 0 118 300000
unres 0 0 0 0 15 0 175 300000
unres 0 0 0 0 15 0 176 300000
unres 0 0 0 0 19 0 233 300000
unres 0 0 0 0 11 0 118 300000
unres 0 0 0 0 15 0 175 300000
unres 0 0 0 0 15 0 176 300000
unres 0 0 0 0 19 0 233 300000
unres 0 0 0 0 11 0 118 300000
unres 0 0 0 0 15 0 175 300000
unres 0 0 0 0 15 0 176 300000
unres 0 0 0 0 19 0 233 300000
unres 0 0 0 0 11 0 118 300000
unres 0 0 0 0 15 0 175 300000
unres 0 0 0 0 15 0 176 300000
unres 0 0 0 0 19 0 233 300000
escape 0 0 0 0 38 0 148 194672
unres 0 0 0 0 18 0 168 300000
unres 0 0 0 0 19 0 169 300000
