unres 0 0 0 0 25 0 147 300000|2 0 1 2 2 3 6 7 3 3 0 0 0 1 0 0 0 1 1
unres 0 0 0 0 21 0 195 300000|2 0 1 2 3 3 6 7 3 3 0 0 0 1 0 0 0 1 1
unres 0 0 0 0 30 0 145 300000|2 0 1 2 2 4 8 5 3 2 0 0 0 0 1 1
unres 0 0 0 0 38 0 194 300000|2 0 1 2 3 4 8 5 3 2 0 0 0 0 1 1
unres 0 0 0 0 18 0 168 300000|2 0 1 2 3 5 3 4 3 2 0 0 0 0 1 1
unres 0 0 0 0 18 0 168 300000|2 0 2 1 3 3 5 8 3 2 0 0 0 1 1 1
unres 0 0 0 0 30 0 145 300000|2 0 2 1 2 4 7 6 3 2 0 0 0 0 1 1
unres 0 0 0 0 24 0 146 300000|2 0 2 1 2 4 7 6 3 2 0 0 0 1 1 1
unres 0 0 0 0 38 0 194 300000|2 0 2 1 3 4 7 6 3 2 0 0 0 0 1 1
unres 0 0 0 0 20 0 196 300000|2 0 2 1 3 4 7 6 3 2 0 0 0 1 1 1
unres 0 0 0 0 25 0 147 300000|2 0 2 1 2 6 3 4 3 3 0 0 0 1 0 0 0 1 1
unres 0 0 0 0 18 0 168 300000|2 0 2 1 3 6 3 4 3 2 0 0 0 0 1 1
unres 0 0 0 0 21 0 195 300000|2 0 2 1 3 6 3 4 3 3 0 0 0 1 0 0 0 1 1
unres 0 0 0 0 30 0 145 300000|2 0 2 1 2 8 4 3 3 2 0 0 0 1 1 1
unres 0 0 0 0 38 0 194 300000|2 0 2 1 3 8 4 3 3 2 0 0 0 1 1 1
unres 0 0 0 0 30 0 145 300000|2 0 3 4 2 2 8 5 3 2 0 0 0 1 0 1
unres 0 0 0 0 38 0 194 300000|2 0 3 4 3 2 8 5 3 2 0 0 0 1 0 1
unres 0 0 0 0 18 0 168 300000|2 0 3 4 3 5 1 2 3 2 0 0 0 1 0 1
unres 0 0 0 0 19 0 169 300000|2 0 3 4 3 6 2 1 3 3 0 0 0 1 0 0 0 1 1
unres 0 0 0 0 18 0 168 300000|2 0 4 3 3 1 5 8 3 2 0 0 0 1 1 1
unres 0 0 0 0 30 0 145 300000|2 0 4 3 2 2 6 7 3 2 0 0 0 1 0 1
unres 0 0 0 0 24 0 146 300000|2 0 4 3 2 2 6 7 3 2 0 0 0 1 1 1
unres 0 0 0 0 38 0 194 300000|2 0 4 3 3 2 6 7 3 2 0 0 0 1 0 1
unres 0 0 0 0 20 0 196 300000|2 0 4 3 3 2 6 7 3 2 0 0 0 1 1 1
unres 0 0 0 0 19 0 169 300000|2 0 4 3 3 2 6 7 3 3 0 0 0 1 0 0 0 1 1
unres 0 0 0 0 18 0 168 300000|2 0 4 3 3 7 1 2 3 2 0 0 0 1 0 1
unres 0 0 0 0 39 0 195 300000|2 0 4 3 3 7 1 2 3 3 0 0 0 1 0 0 0 1 1
unres 0 0 0 0 30 0 145 300000|2 0 4 3 2 8 2 1 3 2 0 0 0 1 1 1
unres 0 0 0 0 38 0 194 300000|2 0 4 3 3 8 2 1 3 2 0 0 0 1 1 1
unres 0 0 0 0 199 0 242 300000|2 0 5 7 2 1 8 5 3 3 0 0 0 1 0 0 0 1 1
unres 0 0 0 0 35 0 169 300000|2 0 5 8 3 1 4 3 3 3 0 0 0 1 0 0 0 1 1
unres 0 0 0 0 30 0 145 300000|2 0 6 7 2 2 4 3 3 2 0 0 0 1 0 1
unres 0 0 0 0 38 0 194 300000|2 0 6 7 3 2 4 3 3 2 0 0 0 1 0 1
unres 0 0 0 0 18 0 168 300000|2 0 6 7 3 3 1 2 3 2 0 0 0 1 0 1
unres 0 0 0 0 19 0 169 300000|2 0 6 7 3 3 1 2 3 3 0 0 0 1 0 0 0 1 1
unres 0 0 0 0 20 0 196 300000|2 0 6 7 3 4 7 8 3 2 0 0 0 1 0 1
unres 0 0 0 0 18 0 168 300000|2 0 7 6 3 1 3 4 3 2 0 0 0 0 1 1
unres 0 0 0 0 19 0 169 300000|2 0 7 6 3 1 3 4 3 3 0 0 0 1 0 0 0 1 1
unres 0 0 0 0 20 0 196 300000|2 0 7 6 3 2 6 8 3 2 0 0 0 0 1 1
unres 0 0 0 0 30 0 145 300000|2 0 7 6 2 4 2 1 3 2 0 0 0 0 1 1
unres 0 0 0 0 38 0 194 300000|2 0 7 6 3 4 2 1 3 2 0 0 0 0 1 1
unres 0 0 0 0 39 0 195 300000|2 0 7 6 3 4 2 1 3 3 0 0 0 1 0 0 0 1 1
unres 0 0 0 0 20 0 196 300000|2 0 8 5 3 1 5 7 3 2 0 0 0 0 1 1
unres 0 0 0 0 30 0 145 300000|2 0 8 5 2 2 3 4 3 2 0 0 0 1 0 1
unres 0 0 0 0 38 0 194 300000|2 0 8 5 3 2 3 4 3 2 0 0 0 1 0 1
unres 0 0 0 0 18 0 168 300000|2 0 8 5 3 2 3 4 3 2 0 0 0 0 1 1
unres 0 0 0 0 20 0 196 300000|2 0 8 5 3 3 5 6 3 2 0 0 0 1 0 1
unres 0 0 0 0 30 0 145 300000|2 0 8 5 2 4 1 2 3 2 0 0 0 0 1 1
unres 0 0 0 0 31 0 146 300000|2 0 8 5 2 4 1 2 3 3 0 0 0 1 0 0 0 1 1
unres 0 0 0 0 18 0 168 300000|2 0 8 5 3 4 1 2 3 2 0 0 0 1 0 1
unres 0 0 0 0 38 0 194 300000|2 0 8 5 3 4 1 2 3 2 0 0 0 0 1 1
unres 0 0 0 0 39 0 195 300000|2 0 8 5 3 4 1 2 3 3 0 0 0 1 0 0 0 1 1
unres 0 0 0 0 30 0 145 300000|2 1 3 4 3 0 7 6 1 2 0 0 0 1 0 1
unres 0 0 0 0 38 0 194 300000|2 1 3 4 3 0 7 6 3 2 0 0 0 1 0 1
unres 0 0 0 0 30 0 145 300000|2 1 4 3 3 0 5 8 1 2 0 0 0 1 0 1
unres 0 0 0 0 38 0 194 300000|2 1 4 3 3 0 5 8 3 2 0 0 0 1 0 1
unres 0 0 0 0 18 0 168 300000|2 1 4 3 3 0 5 8 3 2 0 0 0 0 1 1
unres 0 0 0 0 18 0 168 300000|2 8 2 1 3 0 4 3 3 2 0 0 0 1 0 1
unres 0 0 0 0 18 0 168 300000|2 8 4 3 3 0 2 1 3 2 0 0 0 0 1 1
unres 0 0 0 0 30 0 145 300000|2 1 5 8 3 0 4 3 1 2 0 0 0 1 0 1
unres 0 0 0 0 38 0 194 300000|2 1 5 8 3 0 4 3 3 2 0 0 0 1 0 1
unres 0 0 0 0 20 0 196 300000|2 1 7 5 3 0 6 7 3 2 0 0 0 0 1 1
unres 0 0 0 0 29 0 191 300000|2 1 7 5 3 0 6 7 3 3 0 0 0 1 0 0 0 1 1
unres 0 0 0 0 30 0 145 300000|2 1 7 6 3 0 3 4 1 2 0 0 0 1 0 1
unres 0 0 0 0 24 0 146 300000|2 1 7 6 3 0 3 4 1 2 0 0 0 1 1 1
unres 0 0 0 0 38 0 194 300000|2 1 7 6 3 0 3 4 3 2 0 0 0 1 0 1
unres 0 0 0 0 20 0 196 300000|2 1 7 6 3 0 3 4 3 2 0 0 0 1 1 1
unres 0 0 0 0 39 0 195 300000|2 1 7 6 3 0 3 4 3 3 0 0 0 1 0 0 0 1 1
unres 0 0 0 0 243 0 293 300000|2 1 8 6 2 2 5 8 3 3 0 0 0 1 0 0 0 1 1
unres 0 0 0 0 26 0 193 300000|2 1 8 7 3 3 8 5 1 3 0 0 0 1 0 0 0 1 1
unres 0 0 0 0 18 0 168 300000|2 2 4 3 3 0 6 7 3 2 0 0 0 0 1 1
unres 0 0 0 0 39 0 195 300000|2 2 4 3 3 0 6 7 3 3 0 0 0 1 0 0 0 1 1
unres 0 0 0 0 26 0 193 300000|2 2 7 8 3 3 7 6 1 3 0 0 0 1 0 0 0 1 1
unres 0 0 0 0 31 0 146 300000|2 2 8 5 3 0 3 4 1 3 0 0 0 1 0 0 0 1 1
unres 0 0 0 0 18 0 168 300000|2 2 8 5 3 0 3 4 3 2 0 0 0 1 1 1
unres 0 0 0 0 20 0 196 300000|2 2 8 6 3 0 5 8 3 2 0 0 0 0 1 1
unres 0 0 0 0 30 0 145 300000|2 3 1 2 3 0 6 7 1 2 0 0 0 0 1 1
unres 0 0 0 0 25 0 145 300000|2 3 1 2 3 0 6 7 1 3 0 0 0 1 0 0 0 1 1
unres 0 0 0 0 38 0 194 300000|2 3 1 2 3 0 6 7 3 2 0 0 0 0 1 1
unres 0 0 0 0 30 0 145 300000|2 3 2 1 3 0 5 8 1 2 0 0 0 0 1 1
unres 0 0 0 0 18 0 168 300000|2 3 2 1 3 0 5 8 3 2 0 0 0 1 0 1
unres 0 0 0 0 38 0 194 300000|2 3 2 1 3 0 5 8 3 2 0 0 0 0 1 1
unres 0 0 0 0 30 0 145 300000|2 3 5 8 3 0 2 1 1 2 0 0 0 0 1 1
unres 0 0 0 0 38 0 194 300000|2 3 5 8 3 0 2 1 3 2 0 0 0 0 1 1
unres 0 0 0 0 20 0 196 300000|2 3 6 5 3 0 7 6 3 2 0 0 0 1 0 1
unres 0 0 0 0 30 0 145 300000|2 3 6 7 3 0 1 2 1 2 0 0 0 0 1 1
unres 0 0 0 0 24 0 146 300000|2 3 6 7 3 0 1 2 1 2 0 0 0 1 1 1
unres 0 0 0 0 31 0 146 300000|2 3 6 7 3 0 1 2 1 3 0 0 0 1 0 0 0 1 1
unres 0 0 0 0 38 0 194 300000|2 3 6 7 3 0 1 2 3 2 0 0 0 0 1 1
unres 0 0 0 0 20 0 196 300000|2 3 6 7 3 0 1 2 3 2 0 0 0 1 1 1
unres 0 0 0 0 39 0 195 300000|2 3 6 7 3 0 1 2 3 3 0 0 0 1 0 0 0 1 1
unres 0 0 0 0 24 0 260 300000|2 3 7 5 3 2 7 6 1 3 0 0 0 1 0 0 0 1 1
unres 0 0 0 0 18 0 168 300000|2 4 2 1 3 0 7 6 3 2 0 0 0 1 0 1
unres 0 0 0 0 19 0 169 300000|2 4 7 6 3 0 2 1 3 3 0 0 0 1 0 0 0 1 1
unres 0 0 0 0 18 0 168 300000|2 4 8 5 3 0 1 2 3 2 0 0 0 1 1 1
unres 0 0 0 0 20 0 196 300000|2 4 8 7 3 0 5 8 3 2 0 0 0 1 0 1
unres 0 0 0 0 30 0 145 300000|2 5 1 2 3 0 3 4 1 2 0 0 0 1 1 1
unres 0 0 0 0 38 0 194 300000|2 5 1 2 3 0 3 4 3 2 0 0 0 1 1 1
unres 0 0 0 0 30 0 145 300000|2 5 3 4 3 0 1 2 1 2 0 0 0 1 1 1
unres 0 0 0 0 38 0 194 300000|2 5 3 4 3 0 1 2 3 2 0 0 0 1 1 1
unres 0 0 0 0 11 0 118 300000|2 5 4 3 2 7 3 8 1 3 0 0 0 1 0 0 0 1 1
unres 0 0 0 0 15 0 176 300000|2 5 4 3 2 7 3 8 3 3 0 0 0 1 0 0 0 1 1
unres 0 0 0 0 15 0 175 300000|2 5 4 3 3 7 3 8 1 3 0 0 0 1 0 0 0 1 1
unres 0 0 0 0 19 0 233 300000|2 5 4 3 3 7 3 8 3 3 0 0 0 1 0 0 0 1 1
unres 0 0 0 0 11 0 118 300000|2 5 4 3 2 7 5 8 1 3 0 0 0 1 0 0 0 1 1
unres 0 0 0 0 15 0 176 300000|2 5 4 3 2 7 5 8 3 3 0 0 0 1 0 0 0 1 1
unres 0 0 0 0 15 0 175 300000|2 5 4 3 3 7 5 8 1 3 0 0 0 1 0 0 0 1 1
unres 0 0 0 0 19 0 233 300000|2 5 4 3 3 7 5 8 3 3 0 0 0 1 0 0 0 1 1
unres 0 0 0 0 11 0 118 300000|2 5 4 3 2 7 6 8 1 3 0 0 0 1 0 0 0 1 1
unres 0 0 0 0 15 0 176 300000|2 5 4 3 2 7 6 8 3 3 0 0 0 1 0 0 0 1 1
unres 0 0 0 0 15 0 175 300000|2 5 4 3 3 7 6 8 1 3 0 0 0 1 0 0 0 1 1
unres 0 0 0 0 19 0 233 300000|2 5 4 3 3 7 6 8 3 3 0 0 0 1 0 0 0 1 1
unres 0 0 0 0 85 0 113 300000|2 5 4 8 3 4 5 1 3 3 0 0 0 1 0 0 0 1 1
unres 0 0 0 0 11 0 118 300000|2 5 7 3 2 7 3 8 1 3 0 0 0 1 0 0 0 1 1
unres 0 0 0 0 15 0 176 300000|2 5 7 3 2 7 3 8 3 3 0 0 0 1 0 0 0 1 1
unres 0 0 0 0 15 0 175 300000|2 5 7 3 3 7 3 8 1 3 0 0 0 1 0 0 0 1 1
unres 0 0 0 0 19 0 233 300000|2 5 7 3 3 7 3 8 3 3 0 0 0 1 0 0 0 1 1
unres 0 0 0 0 11 0 118 300000|2 5 7 3 2 7 5 8 1 3 0 0 0 1 0 0 0 1 1
unres 0 0 0 0 15 0 176 300000|2 5 7 3 2 7 5 8 3 3 0 0 0 1 0 0 0 1 1
unres 0 0 0 0 15 0 175 300000|2 5 7 3 3 7 5 8 1 3 0 0 0 1 0 0 0 1 1
unres 0 0 0 0 19 0 233 300000|2 5 7 3 3 7 5 8 3 3 0 0 0 1 0 0 0 1 1
unres 0 0 0 0 11 0 118 300000|2 5 7 3 2 7 6 8 1 3 0 0 0 1 0 0 0 1 1
unres 0 0 0 0 15 0 176 300000|2 5 7 3 2 7 6 8 3 3 0 0 0 1 0 0 0 1 1
unres 0 0 0 0 15 0 175 300000|2 5 7 3 3 7 6 8 1 3 0 0 0 1 0 0 0 1 1
unres 0 0 0 0 19 0 233 300000|2 5 7 3 3 7 6 8 3 3 0 0 0 1 0 0 0 1 1
unres 0 0 0 0 11 0 118 300000|2 5 8 3 2 7 3 8 1 3 0 0 0 1 0 0 0 1 1
unres 0 0 0 0 15 0 176 300000|2 5 8 3 2 7 3 8 3 3 0 0 0 1 0 0 0 1 1
unres 0 0 0 0 15 0 175 300000|2 5 8 3 3 7 3 8 1 3 0 0 0 1 0 0 0 1 1
unres 0 0 0 0 19 0 233 300000|2 5 8 3 3 7 3 8 3 3 0 0 0 1 0 0 0 1 1
unres 0 0 0 0 11 0 118 300000|2 5 8 3 2 7 5 8 1 3 0 0 0 1 0 0 0 1 1
unres 0 0 0 0 15 0 176 300000|2 5 8 3 2 7 5 8 3 3 0 0 0 1 0 0 0 1 1
unres 0 0 0 0 15 0 175 300000|2 5 8 3 3 7 5 8 1 3 0 0 0 1 0 0 0 1 1
unres 0 0 0 0 19 0 233 300000|2 5 8 3 3 7 5 8 3 3 0 0 0 1 0 0 0 1 1
unres 0 0 0 0 11 0 118 300000|2 5 8 3 2 7 6 8 1 3 0 0 0 1 0 0 0 1 1
unres 0 0 0 0 15 0 176 300000|2 5 8 3 2 7 6 8 3 3 0 0 0 1 0 0 0 1 1
unres 0 0 0 0 15 0 175 300000|2 5 8 3 3 7 6 8 1 3 0 0 0 1 0 0 0 1 1
unres 0 0 0 0 19 0 233 300000|2 5 8 3 3 7 6 8 3 3 0 0 0 1 0 0 0 1 1
unres 0 0 0 0 11 0 118 300000|2 6 1 8 2 5 2 1 1 3 0 0 0 1 0 0 0 1 1
unres 0 0 0 0 15 0 175 300000|2 6 1 8 2 5 2 1 3 3 0 0 0 1 0 0 0 1 1
unres 0 0 0 0 15 0 176 300000|2 6 1 8 3 5 2 1 1 3 0 0 0 1 0 0 0 1 1
unres 0 0 0 0 19 0 233 300000|2 6 1 8 3 5 2 1 3 3 0 0 0 1 0 0 0 1 1
unres 0 0 0 0 11 0 118 300000|2 6 1 8 2 5 6 1 1 3 0 0 0 1 0 0 0 1 1
unres 0 0 0 0 15 0 175 300000|2 6 1 8 2 5 6 1 3 3 0 0 0 1 0 0 0 1 1
unres 0 0 0 0 15 0 176 300000|2 6 1 8 3 5 6 1 1 3 0 0 0 1 0 0 0 1 1
unres 0 0 0 0 19 0 233 300000|2 6 1 8 3 5 6 1 3 3 0 0 0 1 0 0 0 1 1
unres 0 0 0 0 11 0 118 300000|2 6 1 8 2 5 8 1 1 3 0 0 0 1 0 0 0 1 1
unres 0 0 0 0 15 0 175 300000|2 6 1 8 2 5 8 1 3 3 0 0 0 1 0 0 0 1 1
unres 0 0 0 0 15 0 176 300000|2 6 1 8 3 5 8 1 1 3 0 0 0 1 0 0 0 1 1
unres 0 0 0 0 19 0 233 300000|2 6 1 8 3 5 8 1 3 3 0 0 0 1 0 0 0 1 1
unres 0 0 0 0 25 0 145 300000|2 6 2 1 3 0 3 4 1 3 0 0 0 1 0 0 0 1 1
unres 0 0 0 0 18 0 168 300000|2 6 2 1 3 0 3 4 3 2 0 0 0 1 0 1
unres 0 0 0 0 31 0 146 300000|2 6 3 4 3 0 2 1 1 3 0 0 0 1 0 0 0 1 1
unres 0 0 0 0 39 0 195 300000|2 6 3 4 3 0 2 1 3 3 0 0 0 1 0 0 0 1 1
unres 0 0 0 0 11 0 118 300000|2 6 5 8 2 5 2 1 1 3 0 0 0 1 0 0 0 1 1
unres 0 0 0 0 15 0 175 300000|2 6 5 8 2 5 2 1 3 3 0 0 0 1 0 0 0 1 1
unres 0 0 0 0 15 0 176 300000|2 6 5 8 3 5 2 1 1 3 0 0 0 1 0 0 0 1 1
unres 0 0 0 0 19 0 233 300000|2 6 5 8 3 5 2 1 3 3 0 0 0 1 0 0 0 1 1
unres 0 0 0 0 11 0 118 300000|2 6 5 8 2 5 6 1 1 3 0 0 0 1 0 0 0 1 1
unres 0 0 0 0 15 0 175 300000|2 6 5 8 2 5 6 1 3 3 0 0 0 1 0 0 0 1 1
unres 0 0 0 0 15 0 176 300000|2 6 5 8 3 5 6 1 1 3 0 0 0 1 0 0 0 1 1
unres 0 0 0 0 19 0 233 300000|2 6 5 8 3 5 6 1 3 3 0 0 0 1 0 0 0 1 1
unres 0 0 0 0 11 0 118 300000|2 6 5 8 2 5 8 1 1 3 0 0 0 1 0 0 0 1 1
unres 0 0 0 0 15 0 175 300000|2 6 5 8 2 5 8 1 3 3 0 0 0 1 0 0 0 1 1
unres 0 0 0 0 15 0 176 300000|2 6 5 8 3 5 8 1 1 3 0 0 0 1 0 0 0 1 1
unres 0 0 0 0 19 0 233 300000|2 6 5 8 3 5 8 1 3 3 0 0 0 1 0 0 0 1 1
unres 0 0 0 0 11 0 118 300000|2 6 7 8 2 5 2 1 1 3 0 0 0 1 0 0 0 1 1
unres 0 0 0 0 15 0 175 300000|2 6 7 8 2 5 2 1 3 3 0 0 0 1 0 0 0 1 1
unres 0 0 0 0 15 0 176 300000|2 6 7 8 3 5 2 1 1 3 0 0 0 1 0 0 0 1 1
unres 0 0 0 0 19 0 233 300000|2 6 7 8 3 5 2 1 3 3 0 0 0 1 0 0 0 1 1
unres 0 0 0 0 11 0 118 300000|2 6 7 8 2 5 6 1 1 3 0 0 0 1 0 0 0 1 1
unres 0 0 0 0 15 0 175 300000|2 6 7 8 2 5 6 1 3 3 0 0 0 1 0 0 0 1 1
unres 0 0 0 0 15 0 176 300000|2 6 7 8 3 5 6 1 1 3 0 0 0 1 0 0 0 1 1
unres 0 0 0 0 19 0 233 300000|2 6 7 8 3 5 6 1 3 3 0 0 0 1 0 0 0 1 1
unres 0 0 0 0 11 0 118 300000|2 6 7 8 2 5 8 1 1 3 0 0 0 1 0 0 0 1 1
unres 0 0 0 0 15 0 175 300000|2 6 7 8 2 5 8 1 3 3 0 0 0 1 0 0 0 1 1
unres 0 0 0 0 15 0 176 300000|2 6 7 8 3 5 8 1 1 3 0 0 0 1 0 0 0 1 1
unres 0 0 0 0 19 0 233 300000|2 6 7 8 3 5 8 1 3 3 0 0 0 1 0 0 0 1 1
unres 0 0 0 0 18 0 168 300000|2 7 4 3 3 0 1 2 3 2 0 0 0 0 1 1
unres 0 0 0 0 19 0 169 300000|2 7 4 3 3 0 1 2 3 3 0 0 0 1 0 0 0 1 1
