(10, 121, 'parity', [1], [0, 1], 12, 1, -1)
(10, 121, 'parity', [0, 1], [1], 12, 1, -1)
(10, 121, 'or', [1], [0, 1], 12, 1, -1)
(10, 121, 'or', [0, 1], [1], 12, 1, -1)
(10, 589, 'parity', [1], [0, 1], 12, 1, -1)
(10, 589, 'parity', [0, 1], [1], 12, 1, -1)
(10, 589, 'or', [1], [0, 1], 12, 1, -1)
(10, 589, 'or', [0, 1], [1], 12, 1, -1)
(16, 121, 'parity', [1], [0, 1], 12, 1, -1)
(16, 121, 'parity', [0, 1], [1], 12, 1, -1)
(16, 121, 'or', [1], [0, 1], 12, 1, -1)
(16, 121, 'or', [0, 1], [1], 12, 1, -1)
(16, 589, 'parity', [1], [0, 1], 12, 1, -1)
(16, 589, 'parity', [0, 1], [1], 12, 1, -1)
(16, 589, 'or', [1], [0, 1], 12, 1, -1)
(16, 589, 'or', [0, 1], [1], 12, 1, -1)
(28, 29, 'parity', [0], [1], 12, 1, -1)
(28, 29, 'parity', [1], [0], 12, 1, -1)
(28, 29, 'or', [0], [1], 12, 1, -1)
(28, 29, 'or', [1], [0], 12, 1, -1)
(28, 32, 'parity', [0], [1], 12, 1, -1)
(28, 32, 'parity', [1], [0], 12, 1, -1)
(28, 32, 'or', [0], [1], 12, 1, -1)
(28, 32, 'or', [1], [0], 12, 1, -1)
(28, 139, 'parity', [0], [1], 12, 1, -1)
(28, 139, 'parity', [1], [0], 12, 1, -1)
(28, 139, 'or', [0], [1], 12, 1, -1)
(28, 139, 'or', [1], [0], 12, 1, -1)
(28, 247, 'parity', [0], [1], 12, 1, -1)
(28, 247, 'parity', [1], [0], 12, 1, -1)
(28, 247, 'or', [0], [1], 12, 1, -1)
(28, 247, 'or', [1], [0], 12, 1, -1)
(28, 353, 'parity', [0], [1], 12, 1, -1)
(28, 353, 'parity', [1], [0], 12, 1, -1)
(28, 353, 'or', [0], [1], 12, 1, -1)
(28, 353, 'or', [1], [0], 12, 1, -1)
(28, 359, 'parity', [0], [1], 12, 1, -1)
(28, 359, 'parity', [1], [0], 12, 1, -1)
(28, 359, 'or', [0], [1], 12, 1, -1)
(28, 359, 'or', [1], [0], 12, 1, -1)
(28, 677, 'parity', [0], [1], 12, 1, -1)
(28, 677, 'parity', [1], [0], 12, 1, -1)
(28, 677, 'or', [0], [1], 12, 1, -1)
(28, 677, 'or', [1], [0], 12, 1, -1)
(28, 683, 'parity', [0], [1], 12, 1, -1)
(28, 683, 'parity', [1], [0], 12, 1, -1)
(28, 683, 'or', [0], [1], 12, 1, -1)
(28, 683, 'or', [1], [0], 12, 1, -1)
(34, 32, 'parity', [0], [1], 12, 1, -1)
(34, 32, 'parity', [1], [0], 12, 1, -1)
(34, 32, 'or', [0], [1], 12, 1, -1)
(34, 32, 'or', [1], [0], 12, 1, -1)
(34, 139, 'parity', [0], [1], 12, 1, -1)
(34, 139, 'parity', [1], [0], 12, 1, -1)
(34, 139, 'or', [0], [1], 12, 1, -1)
(34, 139, 'or', [1], [0], 12, 1, -1)
(34, 247, 'parity', [0], [1], 12, 1, -1)
(34, 247, 'parity', [1], [0], 12, 1, -1)
(34, 247, 'or', [0], [1], 12, 1, -1)
(34, 247, 'or', [1], [0], 12, 1, -1)
(34, 353, 'parity', [0], [1], 12, 1, -1)
(34, 353, 'parity', [1], [0], 12, 1, -1)
(34, 353, 'or', [0], [1], 12, 1, -1)
(34, 353, 'or', [1], [0], 12, 1, -1)
(34, 359, 'parity', [0], [1], 12, 1, -1)
(34, 359, 'parity', [1], [0], 12, 1, -1)
(34, 359, 'or', [0], [1], 12, 1, -1)
(34, 359, 'or', [1], [0], 12, 1, -1)
(34, 677, 'parity', [0], [1], 12, 1, -1)
(34, 677, 'parity', [1], [0], 12, 1, -1)
(34, 677, 'or', [0], [1], 12, 1, -1)
(34, 677, 'or', [1], [0], 12, 1, -1)
(34, 683, 'parity', [0], [1], 12, 1, -1)
(34, 683, 'parity', [1], [0], 12, 1, -1)
(34, 683, 'or', [0], [1], 12, 1, -1)
(34, 683, 'or', [1], [0], 12, 1, -1)
(46, 157, 'parity', [1], [0, 1], 12, 1, 1)
(46, 157, 'parity', [0, 1], [1], 12, 1, 1)
(46, 157, 'or', [1], [0, 1], 12, 1, 1)
(46, 157, 'or', [0, 1], [1], 12, 1, 1)
(46, 625, 'parity', [1], [0, 1], 12, 1, 1)
(46, 625, 'parity', [0, 1], [1], 12, 1, 1)
(46, 625, 'or', [1], [0, 1], 12, 1, 1)
(46, 625, 'or', [0, 1], [1], 12, 1, 1)
(52, 157, 'parity', [1], [0, 1], 12, 1, 1)
(52, 157, 'parity', [0, 1], [1], 12, 1, 1)
(52, 157, 'or', [1], [0, 1], 12, 1, 1)
(52, 157, 'or', [0, 1], [1], 12, 1, 1)
(52, 625, 'parity', [1], [0, 1], 12, 1, 1)
(52, 625, 'parity', [0, 1], [1], 12, 1, 1)
(52, 625, 'or', [1], [0, 1], 12, 1, 1)
(52, 625, 'or', [0, 1], [1], 12, 1, 1)
(64, 65, 'parity', [0], [1], 12, 1, 1)
(64, 65, 'parity', [1], [0], 12, 1, 1)
(64, 65, 'or', [0], [1], 12, 1, 1)
(64, 65, 'or', [1], [0], 12, 1, 1)
(64, 68, 'parity', [0], [1], 12, 1, 1)
(64, 68, 'parity', [1], [0], 12, 1, 1)
(64, 68, 'or', [0], [1], 12, 1, 1)
(64, 68, 'or', [1], [0], 12, 1, 1)
(64, 175, 'parity', [0], [1], 12, 1, 1)
(64, 175, 'parity', [1], [0], 12, 1, 1)
(64, 175, 'or', [0], [1], 12, 1, 1)
(64, 175, 'or', [1], [0], 12, 1, 1)
(64, 283, 'parity', [0], [1], 12, 1, 1)
(64, 283, 'parity', [1], [0], 12, 1, 1)
(64, 283, 'or', [0], [1], 12, 1, 1)
(64, 283, 'or', [1], [0], 12, 1, 1)
(64, 389, 'parity', [0], [1], 12, 1, 1)
(64, 389, 'parity', [1], [0], 12, 1, 1)
(64, 389, 'or', [0], [1], 12, 1, 1)
(64, 389, 'or', [1], [0], 12, 1, 1)
(64, 395, 'parity', [0], [1], 12, 1, 1)
(64, 395, 'parity', [1], [0], 12, 1, 1)
(64, 395, 'or', [0], [1], 12, 1, 1)
(64, 395, 'or', [1], [0], 12, 1, 1)
(64, 713, 'parity', [0], [1], 12, 1, 1)
(64, 713, 'parity', [1], [0], 12, 1, 1)
(64, 713, 'or', [0], [1], 12, 1, 1)
(64, 713, 'or', [1], [0], 12, 1, 1)
(64, 719, 'parity', [0], [1], 12, 1, 1)
(64, 719, 'parity', [1], [0], 12, 1, 1)
(64, 719, 'or', [0], [1], 12, 1, 1)
(64, 719, 'or', [1], [0], 12, 1, 1)
(70, 68, 'parity', [0], [1], 12, 1, 1)
(70, 68, 'parity', [1], [0], 12, 1, 1)
(70, 68, 'or', [0], [1], 12, 1, 1)
(70, 68, 'or', [1], [0], 12, 1, 1)
(70, 175, 'parity', [0], [1], 12, 1, 1)
(70, 175, 'parity', [1], [0], 12, 1, 1)
(70, 175, 'or', [0], [1], 12, 1, 1)
(70, 175, 'or', [1], [0], 12, 1, 1)
(70, 713, 'parity', [0], [1], 12, 1, 1)
(70, 713, 'parity', [1], [0], 12, 1, 1)
(70, 713, 'or', [0], [1], 12, 1, 1)
(70, 713, 'or', [1], [0], 12, 1, 1)
(70, 719, 'parity', [0], [1], 12, 1, 1)
(70, 719, 'parity', [1], [0], 12, 1, 1)
(70, 719, 'or', [0], [1], 12, 1, 1)
(70, 719, 'or', [1], [0], 12, 1, 1)
(70, 283, 'parity', [0], [1], 12, 1, 1)
(70, 283, 'parity', [1], [0], 12, 1, 1)
(70, 283, 'or', [0], [1], 12, 1, 1)
(70, 283, 'or', [1], [0], 12, 1, 1)
(70, 389, 'parity', [0], [1], 12, 1, 1)
(70, 389, 'parity', [1], [0], 12, 1, 1)
(70, 389, 'or', [0], [1], 12, 1, 1)
(70, 389, 'or', [1], [0], 12, 1, 1)
(70, 395, 'parity', [0], [1], 12, 1, 1)
(70, 395, 'parity', [1], [0], 12, 1, 1)
(70, 395, 'or', [0], [1], 12, 1, 1)
(70, 395, 'or', [1], [0], 12, 1, 1)
(82, 697, 'parity', [1], [0, 1], 12, 36, -30)
(82, 697, 'parity', [0, 1], [1], 12, 36, -30)
(82, 697, 'or', [1], [0, 1], 12, 36, -30)
(82, 697, 'or', [0, 1], [1], 12, 36, -30)
(88, 697, 'parity', [1], [0, 1], 12, 36, -30)
(88, 697, 'parity', [0, 1], [1], 12, 36, -30)
(88, 697, 'or', [1], [0, 1], 12, 36, -30)
(88, 697, 'or', [0, 1], [1], 12, 36, -30)
(134, 344, 'parity', [0], [0, 1], 12, 1, -1)
(134, 344, 'parity', [0, 1], [0], 12, 1, -1)
(134, 344, 'or', [0], [0, 1], 12, 1, -1)
(134, 344, 'or', [0, 1], [0], 12, 1, -1)
(134, 347, 'parity', [0], [0, 1], 12, 1, -1)
(134, 347, 'parity', [0, 1], [0], 12, 1, -1)
(134, 347, 'or', [0], [0, 1], 12, 1, -1)
(134, 347, 'or', [0, 1], [0], 12, 1, -1)
(134, 350, 'parity', [0], [0, 1], 12, 1, -1)
(134, 350, 'parity', [0, 1], [0], 12, 1, -1)
(134, 350, 'or', [0], [0, 1], 12, 1, -1)
(134, 350, 'or', [0, 1], [0], 12, 1, -1)
(134, 668, 'parity', [0], [0, 1], 12, 1, -1)
(134, 668, 'parity', [0, 1], [0], 12, 1, -1)
(134, 668, 'or', [0], [0, 1], 12, 1, -1)
(134, 668, 'or', [0, 1], [0], 12, 1, -1)
(134, 671, 'parity', [0], [0, 1], 12, 1, -1)
(134, 671, 'parity', [0, 1], [0], 12, 1, -1)
(134, 671, 'or', [0], [0, 1], 12, 1, -1)
(134, 671, 'or', [0, 1], [0], 12, 1, -1)
(134, 674, 'parity', [0], [0, 1], 12, 1, -1)
(134, 674, 'parity', [0, 1], [0], 12, 1, -1)
(134, 674, 'or', [0], [0, 1], 12, 1, -1)
(134, 674, 'or', [0, 1], [0], 12, 1, -1)
(143, 139, 'parity', [0], [1], 12, 1, -1)
(143, 139, 'parity', [1], [0], 12, 1, -1)
(143, 139, 'or', [0], [1], 12, 1, -1)
(143, 139, 'or', [1], [0], 12, 1, -1)
(143, 247, 'parity', [0], [1], 12, 1, -1)
(143, 247, 'parity', [1], [0], 12, 1, -1)
(143, 247, 'or', [0], [1], 12, 1, -1)
(143, 247, 'or', [1], [0], 12, 1, -1)
(143, 677, 'parity', [0], [1], 12, 1, -1)
(143, 677, 'parity', [1], [0], 12, 1, -1)
(143, 677, 'or', [0], [1], 12, 1, -1)
(143, 677, 'or', [1], [0], 12, 1, -1)
(143, 683, 'parity', [0], [1], 12, 1, -1)
(143, 683, 'parity', [1], [0], 12, 1, -1)
(143, 683, 'or', [0], [1], 12, 1, -1)
(143, 683, 'or', [1], [0], 12, 1, -1)
(143, 353, 'parity', [0], [1], 12, 1, -1)
(143, 353, 'parity', [1], [0], 12, 1, -1)
(143, 353, 'or', [0], [1], 12, 1, -1)
(143, 353, 'or', [1], [0], 12, 1, -1)
(143, 359, 'parity', [0], [1], 12, 1, -1)
(143, 359, 'parity', [1], [0], 12, 1, -1)
(143, 359, 'or', [0], [1], 12, 1, -1)
(143, 359, 'or', [1], [0], 12, 1, -1)
(170, 704, 'parity', [0], [0, 1], 12, 1, 1)
(170, 704, 'parity', [0, 1], [0], 12, 1, 1)
(170, 704, 'or', [0], [0, 1], 12, 1, 1)
(170, 704, 'or', [0, 1], [0], 12, 1, 1)
(170, 707, 'parity', [0], [0, 1], 12, 1, 1)
(170, 707, 'parity', [0, 1], [0], 12, 1, 1)
(170, 707, 'or', [0], [0, 1], 12, 1, 1)
(170, 707, 'or', [0, 1], [0], 12, 1, 1)
(170, 710, 'parity', [0], [0, 1], 12, 1, 1)
(170, 710, 'parity', [0, 1], [0], 12, 1, 1)
(170, 710, 'or', [0], [0, 1], 12, 1, 1)
(170, 710, 'or', [0, 1], [0], 12, 1, 1)
(170, 380, 'parity', [0], [0, 1], 12, 1, 1)
(170, 380, 'parity', [0, 1], [0], 12, 1, 1)
(170, 380, 'or', [0], [0, 1], 12, 1, 1)
(170, 380, 'or', [0, 1], [0], 12, 1, 1)
(170, 383, 'parity', [0], [0, 1], 12, 1, 1)
(170, 383, 'parity', [0, 1], [0], 12, 1, 1)
(170, 383, 'or', [0], [0, 1], 12, 1, 1)
(170, 383, 'or', [0, 1], [0], 12, 1, 1)
(170, 386, 'parity', [0], [0, 1], 12, 1, 1)
(170, 386, 'parity', [0, 1], [0], 12, 1, 1)
(170, 386, 'or', [0], [0, 1], 12, 1, 1)
(170, 386, 'or', [0, 1], [0], 12, 1, 1)
(179, 175, 'parity', [0], [1], 12, 1, 1)
(179, 175, 'parity', [1], [0], 12, 1, 1)
(179, 175, 'or', [0], [1], 12, 1, 1)
(179, 175, 'or', [1], [0], 12, 1, 1)
(179, 283, 'parity', [0], [1], 12, 1, 1)
(179, 283, 'parity', [1], [0], 12, 1, 1)
(179, 283, 'or', [0], [1], 12, 1, 1)
(179, 283, 'or', [1], [0], 12, 1, 1)
(179, 389, 'parity', [0], [1], 12, 1, 1)
(179, 389, 'parity', [1], [0], 12, 1, 1)
(179, 389, 'or', [0], [1], 12, 1, 1)
(179, 389, 'or', [1], [0], 12, 1, 1)
(179, 395, 'parity', [0], [1], 12, 1, 1)
(179, 395, 'parity', [1], [0], 12, 1, 1)
(179, 395, 'or', [0], [1], 12, 1, 1)
(179, 395, 'or', [1], [0], 12, 1, 1)
(179, 713, 'parity', [0], [1], 12, 1, 1)
(179, 713, 'parity', [1], [0], 12, 1, 1)
(179, 713, 'or', [0], [1], 12, 1, 1)
(179, 713, 'or', [1], [0], 12, 1, 1)
(179, 719, 'parity', [0], [1], 12, 1, 1)
(179, 719, 'parity', [1], [0], 12, 1, 1)
(179, 719, 'or', [0], [1], 12, 1, 1)
(179, 719, 'or', [1], [0], 12, 1, 1)
(226, 265, 'parity', [1], [0, 1], 12, 36, -30)
(226, 265, 'parity', [0, 1], [1], 12, 36, -30)
(226, 265, 'or', [1], [0, 1], 12, 36, -30)
(226, 265, 'or', [0, 1], [1], 12, 36, -30)
(232, 265, 'parity', [1], [0, 1], 12, 36, -30)
(232, 265, 'parity', [0, 1], [1], 12, 36, -30)
(232, 265, 'or', [1], [0, 1], 12, 36, -30)
(232, 265, 'or', [0, 1], [1], 12, 36, -30)
(251, 677, 'parity', [0], [1], 12, 1, -1)
(251, 677, 'parity', [1], [0], 12, 1, -1)
(251, 677, 'or', [0], [1], 12, 1, -1)
(251, 677, 'or', [1], [0], 12, 1, -1)
(251, 683, 'parity', [0], [1], 12, 1, -1)
(251, 683, 'parity', [1], [0], 12, 1, -1)
(251, 683, 'or', [0], [1], 12, 1, -1)
(251, 683, 'or', [1], [0], 12, 1, -1)
(251, 247, 'parity', [0], [1], 12, 1, -1)
(251, 247, 'parity', [1], [0], 12, 1, -1)
(251, 247, 'or', [0], [1], 12, 1, -1)
(251, 247, 'or', [1], [0], 12, 1, -1)
(251, 353, 'parity', [0], [1], 12, 1, -1)
(251, 353, 'parity', [1], [0], 12, 1, -1)
(251, 353, 'or', [0], [1], 12, 1, -1)
(251, 353, 'or', [1], [0], 12, 1, -1)
(251, 359, 'parity', [0], [1], 12, 1, -1)
(251, 359, 'parity', [1], [0], 12, 1, -1)
(251, 359, 'or', [0], [1], 12, 1, -1)
(251, 359, 'or', [1], [0], 12, 1, -1)
(262, 337, 'parity', [1], [0, 1], 12, 1, -1)
(262, 337, 'parity', [0, 1], [1], 12, 1, -1)
(262, 337, 'or', [1], [0, 1], 12, 1, -1)
(262, 337, 'or', [0, 1], [1], 12, 1, -1)
(265, 337, 'parity', [1], [0, 1], 12, 1, -1)
(265, 337, 'parity', [0, 1], [1], 12, 1, -1)
(265, 337, 'or', [1], [0, 1], 12, 1, -1)
(265, 337, 'or', [0, 1], [1], 12, 1, -1)
(268, 337, 'parity', [1], [0, 1], 12, 1, -1)
(268, 337, 'parity', [0, 1], [1], 12, 1, -1)
(268, 337, 'or', [1], [0, 1], 12, 1, -1)
(268, 337, 'or', [0, 1], [1], 12, 1, -1)
(278, 560, 'parity', [0], [0, 1], 12, 36, -30)
(278, 560, 'parity', [0, 1], [0], 12, 36, -30)
(278, 560, 'or', [0], [0, 1], 12, 36, -30)
(278, 560, 'or', [0, 1], [0], 12, 36, -30)
(278, 563, 'parity', [0], [0, 1], 12, 36, -30)
(278, 563, 'parity', [0, 1], [0], 12, 36, -30)
(278, 563, 'or', [0], [0, 1], 12, 36, -30)
(278, 563, 'or', [0, 1], [0], 12, 36, -30)
(278, 566, 'parity', [0], [0, 1], 12, 36, -30)
(278, 566, 'parity', [0, 1], [0], 12, 36, -30)
(278, 566, 'or', [0], [0, 1], 12, 36, -30)
(278, 566, 'or', [0, 1], [0], 12, 36, -30)
(280, 715, 'parity', [0], [1], 12, 1, -1)
(280, 715, 'parity', [1], [0], 12, 1, -1)
(280, 715, 'or', [0], [1], 12, 1, -1)
(280, 715, 'or', [1], [0], 12, 1, -1)
(280, 281, 'parity', [0], [1], 12, 1, -1)
(280, 281, 'parity', [1], [0], 12, 1, -1)
(280, 281, 'or', [0], [1], 12, 1, -1)
(280, 281, 'or', [1], [0], 12, 1, -1)
(280, 287, 'parity', [0], [1], 12, 1, -1)
(280, 287, 'parity', [1], [0], 12, 1, -1)
(280, 287, 'or', [0], [1], 12, 1, -1)
(280, 287, 'or', [1], [0], 12, 1, -1)
(280, 605, 'parity', [0], [1], 12, 1, -1)
(280, 605, 'parity', [1], [0], 12, 1, -1)
(280, 605, 'or', [0], [1], 12, 1, -1)
(280, 605, 'or', [1], [0], 12, 1, -1)
(280, 611, 'parity', [0], [1], 12, 1, -1)
(280, 611, 'parity', [1], [0], 12, 1, -1)
(280, 611, 'or', [0], [1], 12, 1, -1)
(280, 611, 'or', [1], [0], 12, 1, -1)
(283, 715, 'parity', [0], [1], 12, 1, -1)
(283, 715, 'parity', [1], [0], 12, 1, -1)
(283, 715, 'or', [0], [1], 12, 1, -1)
(283, 715, 'or', [1], [0], 12, 1, -1)
(283, 287, 'parity', [0], [1], 12, 1, -1)
(283, 287, 'parity', [1], [0], 12, 1, -1)
(283, 287, 'or', [0], [1], 12, 1, -1)
(283, 287, 'or', [1], [0], 12, 1, -1)
(283, 605, 'parity', [0], [1], 12, 1, -1)
(283, 605, 'parity', [1], [0], 12, 1, -1)
(283, 605, 'or', [0], [1], 12, 1, -1)
(283, 605, 'or', [1], [0], 12, 1, -1)
(283, 611, 'parity', [0], [1], 12, 1, -1)
(283, 611, 'parity', [1], [0], 12, 1, -1)
(283, 611, 'or', [0], [1], 12, 1, -1)
(283, 611, 'or', [1], [0], 12, 1, -1)
(287, 283, 'parity', [0], [1], 12, 1, 1)
(287, 283, 'parity', [1], [0], 12, 1, 1)
(287, 283, 'or', [0], [1], 12, 1, 1)
(287, 283, 'or', [1], [0], 12, 1, 1)
(287, 389, 'parity', [0], [1], 12, 1, 1)
(287, 389, 'parity', [1], [0], 12, 1, 1)
(287, 389, 'or', [0], [1], 12, 1, 1)
(287, 389, 'or', [1], [0], 12, 1, 1)
(287, 395, 'parity', [0], [1], 12, 1, 1)
(287, 395, 'parity', [1], [0], 12, 1, 1)
(287, 395, 'or', [0], [1], 12, 1, 1)
(287, 395, 'or', [1], [0], 12, 1, 1)
(298, 373, 'parity', [1], [0, 1], 12, 1, 1)
(298, 373, 'parity', [0, 1], [1], 12, 1, 1)
(298, 373, 'or', [1], [0, 1], 12, 1, 1)
(298, 373, 'or', [0, 1], [1], 12, 1, 1)
(301, 373, 'parity', [1], [0, 1], 12, 1, 1)
(301, 373, 'parity', [0, 1], [1], 12, 1, 1)
(301, 373, 'or', [1], [0, 1], 12, 1, 1)
(301, 373, 'or', [0, 1], [1], 12, 1, 1)
(304, 373, 'parity', [1], [0, 1], 12, 1, 1)
(304, 373, 'parity', [0, 1], [1], 12, 1, 1)
(304, 373, 'or', [1], [0, 1], 12, 1, 1)
(304, 373, 'or', [0, 1], [1], 12, 1, 1)
(316, 641, 'parity', [0], [1], 12, 1, 1)
(316, 641, 'parity', [1], [0], 12, 1, 1)
(316, 641, 'or', [0], [1], 12, 1, 1)
(316, 641, 'or', [1], [0], 12, 1, 1)
(316, 647, 'parity', [0], [1], 12, 1, 1)
(316, 647, 'parity', [1], [0], 12, 1, 1)
(316, 647, 'or', [0], [1], 12, 1, 1)
(316, 647, 'or', [1], [0], 12, 1, 1)
(316, 317, 'parity', [0], [1], 12, 1, 1)
(316, 317, 'parity', [1], [0], 12, 1, 1)
(316, 317, 'or', [0], [1], 12, 1, 1)
(316, 317, 'or', [1], [0], 12, 1, 1)
(316, 323, 'parity', [0], [1], 12, 1, 1)
(316, 323, 'parity', [1], [0], 12, 1, 1)
(316, 323, 'or', [0], [1], 12, 1, 1)
(316, 323, 'or', [1], [0], 12, 1, 1)
(319, 323, 'parity', [0], [1], 12, 1, 1)
(319, 323, 'parity', [1], [0], 12, 1, 1)
(319, 323, 'or', [0], [1], 12, 1, 1)
(319, 323, 'or', [1], [0], 12, 1, 1)
(319, 641, 'parity', [0], [1], 12, 1, 1)
(319, 641, 'parity', [1], [0], 12, 1, 1)
(319, 641, 'or', [0], [1], 12, 1, 1)
(319, 641, 'or', [1], [0], 12, 1, 1)
(319, 647, 'parity', [0], [1], 12, 1, 1)
(319, 647, 'parity', [1], [0], 12, 1, 1)
(319, 647, 'or', [0], [1], 12, 1, 1)
(319, 647, 'or', [1], [0], 12, 1, 1)
(334, 589, 'parity', [1], [0, 1], 12, 1, -1)
(334, 589, 'parity', [0, 1], [1], 12, 1, -1)
(334, 589, 'or', [1], [0, 1], 12, 1, -1)
(334, 589, 'or', [0, 1], [1], 12, 1, -1)
(340, 589, 'parity', [1], [0, 1], 12, 1, -1)
(340, 589, 'parity', [0, 1], [1], 12, 1, -1)
(340, 589, 'or', [1], [0, 1], 12, 1, -1)
(340, 589, 'or', [0, 1], [1], 12, 1, -1)
(337, 589, 'parity', [1], [0, 1], 12, 1, -1)
(337, 589, 'parity', [0, 1], [1], 12, 1, -1)
(337, 589, 'or', [1], [0, 1], 12, 1, -1)
(337, 589, 'or', [0, 1], [1], 12, 1, -1)
(352, 353, 'parity', [0], [1], 12, 1, -1)
(352, 353, 'parity', [1], [0], 12, 1, -1)
(352, 353, 'or', [0], [1], 12, 1, -1)
(352, 353, 'or', [1], [0], 12, 1, -1)
(352, 359, 'parity', [0], [1], 12, 1, -1)
(352, 359, 'parity', [1], [0], 12, 1, -1)
(352, 359, 'or', [0], [1], 12, 1, -1)
(352, 359, 'or', [1], [0], 12, 1, -1)
(350, 596, 'parity', [0], [0, 1], 12, 1, -1)
(350, 596, 'parity', [0, 1], [0], 12, 1, -1)
(350, 596, 'or', [0], [0, 1], 12, 1, -1)
(350, 596, 'or', [0, 1], [0], 12, 1, -1)
(350, 599, 'parity', [0], [0, 1], 12, 1, -1)
(350, 599, 'parity', [0, 1], [0], 12, 1, -1)
(350, 599, 'or', [0], [0, 1], 12, 1, -1)
(350, 599, 'or', [0, 1], [0], 12, 1, -1)
(350, 602, 'parity', [0], [0, 1], 12, 1, -1)
(350, 602, 'parity', [0, 1], [0], 12, 1, -1)
(350, 602, 'or', [0], [0, 1], 12, 1, -1)
(350, 602, 'or', [0, 1], [0], 12, 1, -1)
(355, 359, 'parity', [0], [1], 12, 1, -1)
(355, 359, 'parity', [1], [0], 12, 1, -1)
(355, 359, 'or', [0], [1], 12, 1, -1)
(355, 359, 'or', [1], [0], 12, 1, -1)
(388, 389, 'parity', [0], [1], 12, 1, 1)
(388, 389, 'parity', [1], [0], 12, 1, 1)
(388, 389, 'or', [0], [1], 12, 1, 1)
(388, 389, 'or', [1], [0], 12, 1, 1)
(388, 395, 'parity', [0], [1], 12, 1, 1)
(388, 395, 'parity', [1], [0], 12, 1, 1)
(388, 395, 'or', [0], [1], 12, 1, 1)
(388, 395, 'or', [1], [0], 12, 1, 1)
(391, 395, 'parity', [0], [1], 12, 1, 1)
(391, 395, 'parity', [1], [0], 12, 1, 1)
(391, 395, 'or', [0], [1], 12, 1, 1)
(391, 395, 'or', [1], [0], 12, 1, 1)
